WARNING: 15 open meshes remove
     Removed: Fuselage
     Removed: Inner Fuselage
     Removed: Instrument Panel
     Removed: Bathroom and Coat Area
     Removed: Bathroom and Coat Area
     Removed: Bathroom and Coat Area
     Removed: Bathroom and Coat Area
     Removed: Turboprop Transparent
     Removed: Turboprop Transparent
     Removed: Propeller Cone
     Removed: Propeller Cone
     Removed: Power Shaft
     Removed: Power Shaft
     Removed: Electric Motor Power Shaft
     Removed: Electric Motor Power Shaft
WARNING: 6 open meshes merged
     Merged: Horizontal Stabilizer
     Merged: Truss Brace
     Merged: Galley
     Merged: Forward Bulkhead
     Merged: Overhead Bins
     Merged: Main Wing Transparent
...Mass Properties...
201 Num Comps
201 Total Num Meshes
171744 Total Num Tris

1871.570271             Total Mass
10.773449 -0.028768 -2.435520       Center of Gravity
336156.274379 519167.802453 799275.951889       Ixx, Iyy, Izz
1190.465318 45436.827206 107.246213       Ixy, Ixz, Iyz
1871.570271             Volume

Name	Mass	cgX	cgY	cgZ	Ixx	Iyy	Izz	Ixy	Ixz	Iyz	Volume
Horizontal Stabilizer	24.680194	46.049036	-0.000000	9.500000	689.449391	150.892741	839.783466	0.080375	0.009075	0.013906	24.680194
Vertical Stabilizer	114.081331	40.442282	0.000000	3.860075	1499.109456	3512.417883	2035.041276	-0.050669	1073.611453	0.007886	114.081331
Truss Brace	54.252449	11.162240	0.000000	-5.200517	13791.243139	672.286302	13744.418927	-0.256619	-247.959939	0.031711	54.252449
Floor	96.467309	3.438442	0.002159	-6.567806	413.397470	30542.868073	30924.895115	0.729219	378.710703	0.171297	96.467309
Forward Pressure Bulkhead	0.000000	0.000000	0.000000	0.000000	0.000000	0.000000	0.000000	0.000000	0.000000	0.000000	0.000000
Cockpit Seats	1.485043	-23.100068	1.750000	-5.375000	0.292450	3.283157	3.559376	-0.006022	-0.000664	0.000026	1.485043
Cockpit Seats	0.000000	0.000000	0.000000	0.000000	0.000000	0.000000	0.000000	0.000000	0.000000	0.000000	0.000000
Cockpit Seats	1.485043	-23.100068	-1.667000	-5.375000	0.292789	3.283157	3.559715	0.001547	0.002161	-0.000235	1.485043
Cockpit Seats	0.000000	0.000000	0.000000	0.000000	0.000000	0.000000	0.000000	0.000000	0.000000	0.000000	0.000000
Co-Pilot	0.000000	0.000000	0.000000	0.000000	0.000000	0.000000	0.000000	0.000000	0.000000	0.000000	0.000000
Co-Pilot	0.000000	0.000000	0.000000	0.000000	0.000000	0.000000	0.000000	0.000000	0.000000	0.000000	0.000000
Co-Pilot	0.358829	-23.100068	2.607143	-3.011529	0.006055	0.794338	0.794406	-0.000501	-0.000212	0.000042	0.358829
Co-Pilot	0.000000	0.000000	0.000000	0.000000	0.000000	0.000000	0.000000	0.000000	0.000000	0.000000	0.000000
Co-Pilot	0.358829	-23.100068	0.892857	-3.011529	0.006048	0.794332	0.794405	-0.000804	0.000212	0.000044	0.358829
Co-Pilot	0.000000	0.000000	0.000000	0.000000	0.000000	0.000000	0.000000	0.000000	0.000000	0.000000	0.000000
Co-Pilot	0.626064	-23.100068	2.092857	-5.071280	0.019305	1.387421	1.393266	0.000985	-0.000096	-0.000125	0.626064
Co-Pilot	0.000000	0.000000	0.000000	0.000000	0.000000	0.000000	0.000000	0.000000	0.000000	0.000000	0.000000
Co-Pilot	0.626064	-23.100068	1.407143	-5.071280	0.019324	1.387430	1.393277	0.004184	0.000142	0.000023	0.626064
Co-Pilot	0.000000	0.000000	0.000000	0.000000	0.000000	0.000000	0.000000	0.000000	0.000000	0.000000	0.000000
Pilot	0.000000	0.000000	0.000000	0.000000	0.000000	0.000000	0.000000	0.000000	0.000000	0.000000	0.000000
Pilot	0.000000	0.000000	0.000000	0.000000	0.000000	0.000000	0.000000	0.000000	0.000000	0.000000	0.000000
Pilot	0.358829	-23.100068	-0.892857	-3.011529	0.006055	0.794338	0.794406	-0.000721	-0.000097	-0.000048	0.358829
Pilot	0.000000	0.000000	0.000000	0.000000	0.000000	0.000000	0.000000	0.000000	0.000000	0.000000	0.000000
Pilot	0.358829	-23.100068	-2.607143	-3.011529	0.006055	0.794338	0.794406	-0.001655	-0.000201	0.000010	0.358829
Pilot	0.000000	0.000000	0.000000	0.000000	0.000000	0.000000	0.000000	0.000000	0.000000	0.000000	0.000000
Pilot	0.626064	-23.100068	-1.407143	-5.071280	0.019395	1.387473	1.393304	0.001164	-0.000599	-0.000216	0.626064
Pilot	0.000000	0.000000	0.000000	0.000000	0.000000	0.000000	0.000000	0.000000	0.000000	0.000000	0.000000
Pilot	0.626064	-23.100068	-2.092857	-5.071280	0.019402	1.387473	1.393311	0.001766	-0.000621	-0.000189	0.626064
Pilot	0.000000	0.000000	0.000000	0.000000	0.000000	0.000000	0.000000	0.000000	0.000000	0.000000	0.000000
Forward Cargo Hold	236.807068	-7.262602	0.001611	-7.512371	694.399050	15426.446421	16015.347973	-1.599876	0.931258	1.807263	236.807068
Aft Cargo Hold	325.315680	31.414912	-0.000255	-3.173848	1722.620670	4528.634413	4959.111520	-1.106402	161.140002	-0.164040	325.315680
Passenger Seats	0.000000	0.000000	0.000000	0.000000	0.000000	0.000000	0.000000	0.000000	0.000000	0.000000	0.000000
Passenger Seats	0.000000	0.000000	0.000000	0.000000	0.000000	0.000000	0.000000	0.000000	0.000000	0.000000	0.000000
Passenger Seats	0.000000	0.000000	0.000000	0.000000	0.000000	0.000000	0.000000	0.000000	0.000000	0.000000	0.000000
Passenger Seats	0.000000	0.000000	0.000000	0.000000	0.000000	0.000000	0.000000	0.000000	0.000000	0.000000	0.000000
Passenger Seats	0.000000	0.000000	0.000000	0.000000	0.000000	0.000000	0.000000	0.000000	0.000000	0.000000	0.000000
Passenger Seats	0.000000	0.000000	0.000000	0.000000	0.000000	0.000000	0.000000	0.000000	0.000000	0.000000	0.000000
Passenger Seats	0.000000	0.000000	0.000000	0.000000	0.000000	0.000000	0.000000	0.000000	0.000000	0.000000	0.000000
Passenger Seats	0.000000	0.000000	0.000000	0.000000	0.000000	0.000000	0.000000	0.000000	0.000000	0.000000	0.000000
Passenger Seats	1.485043	-7.259612	3.250000	-5.375000	0.292875	3.282913	3.560045	0.001259	0.000161	0.000056	1.485043
Passenger Seats	0.000000	0.000000	0.000000	0.000000	0.000000	0.000000	0.000000	0.000000	0.000000	0.000000	0.000000
Passenger Seats	1.485043	-7.259612	1.583333	-5.375000	0.291152	3.282918	3.558317	0.001614	0.000320	0.000081	1.485043
Passenger Seats	0.000000	0.000000	0.000000	0.000000	0.000000	0.000000	0.000000	0.000000	0.000000	0.000000	0.000000
Passenger Seats	1.485043	-7.259612	-1.583333	-5.375000	0.291157	3.282918	3.558323	-0.001700	-0.000027	-0.000090	1.485043
Passenger Seats	0.000000	0.000000	0.000000	0.000000	0.000000	0.000000	0.000000	0.000000	0.000000	0.000000	0.000000
Passenger Seats	1.485043	-7.259612	-3.250000	-5.375000	0.292875	3.282913	3.560045	-0.001632	0.000126	-0.000068	1.485043
Passenger Seats	0.000000	0.000000	0.000000	0.000000	0.000000	0.000000	0.000000	0.000000	0.000000	0.000000	0.000000
Passenger Seats	0.000000	0.000000	0.000000	0.000000	0.000000	0.000000	0.000000	0.000000	0.000000	0.000000	0.000000
Passenger Seats	3.613154	-3.299498	3.251960	-6.211913	0.825777	8.110948	8.651382	0.004052	0.000772	-0.003454	3.613154
Passenger Seats	0.000000	0.000000	0.000000	0.000000	0.000000	0.000000	0.000000	0.000000	0.000000	0.000000	0.000000
Passenger Seats	3.599967	-3.299498	1.583299	-6.210469	0.819769	8.079811	8.618345	-0.029502	0.000391	-0.004650	3.599967
Passenger Seats	0.000000	0.000000	0.000000	0.000000	0.000000	0.000000	0.000000	0.000000	0.000000	0.000000	0.000000
Passenger Seats	3.605538	-3.299498	-1.583396	-6.211036	0.824896	8.092852	8.635001	-0.000932	0.002102	-0.004310	3.605538
Passenger Seats	0.000000	0.000000	0.000000	0.000000	0.000000	0.000000	0.000000	0.000000	0.000000	0.000000	0.000000
Passenger Seats	3.626292	-3.299498	-3.252012	-6.213240	0.825249	8.141762	8.677986	-0.004508	-0.009162	0.000822	3.626292
Passenger Seats	0.000000	0.000000	0.000000	0.000000	0.000000	0.000000	0.000000	0.000000	0.000000	0.000000	0.000000
Passenger Seats	0.000000	0.000000	0.000000	0.000000	0.000000	0.000000	0.000000	0.000000	0.000000	0.000000	0.000000
Passenger Seats	0.000000	0.000000	0.000000	0.000000	0.000000	0.000000	0.000000	0.000000	0.000000	0.000000	0.000000
Passenger Seats	0.000000	0.000000	0.000000	0.000000	0.000000	0.000000	0.000000	0.000000	0.000000	0.000000	0.000000
Passenger Seats	0.000000	0.000000	0.000000	0.000000	0.000000	0.000000	0.000000	0.000000	0.000000	0.000000	0.000000
Passenger Seats	0.000000	0.000000	0.000000	0.000000	0.000000	0.000000	0.000000	0.000000	0.000000	0.000000	0.000000
Passenger Seats	0.000000	0.000000	0.000000	0.000000	0.000000	0.000000	0.000000	0.000000	0.000000	0.000000	0.000000
Passenger Seats	0.000000	0.000000	0.000000	0.000000	0.000000	0.000000	0.000000	0.000000	0.000000	0.000000	0.000000
Passenger Seats	1.308056	0.660615	3.250000	-5.375000	0.232524	2.891801	3.110171	0.008160	0.001258	-0.000097	1.308056
Passenger Seats	0.000000	0.000000	0.000000	0.000000	0.000000	0.000000	0.000000	0.000000	0.000000	0.000000	0.000000
Passenger Seats	1.308056	0.660615	1.583333	-5.375000	0.232524	2.891801	3.110171	0.004010	0.001090	-0.000084	1.308056
Passenger Seats	0.000000	0.000000	0.000000	0.000000	0.000000	0.000000	0.000000	0.000000	0.000000	0.000000	0.000000
Passenger Seats	1.308056	0.660615	-1.583333	-5.375000	0.232522	2.891801	3.110169	0.005141	0.001489	-0.000097	1.308056
Passenger Seats	0.000000	0.000000	0.000000	0.000000	0.000000	0.000000	0.000000	0.000000	0.000000	0.000000	0.000000
Passenger Seats	1.308056	0.660615	-3.250000	-5.375000	0.232524	2.891801	3.110171	-0.005306	0.000464	-0.000084	1.308056
Passenger Seats	0.000000	0.000000	0.000000	0.000000	0.000000	0.000000	0.000000	0.000000	0.000000	0.000000	0.000000
Passenger Seats	1.245992	4.620729	3.250000	-5.375000	0.202290	2.754584	2.943406	0.015769	0.001100	-0.000070	1.245992
Passenger Seats	0.000000	0.000000	0.000000	0.000000	0.000000	0.000000	0.000000	0.000000	0.000000	0.000000	0.000000
Passenger Seats	1.245992	4.620729	1.583333	-5.375000	0.202290	2.754584	2.943406	-0.014610	-0.000029	-0.000070	1.245992
Passenger Seats	0.000000	0.000000	0.000000	0.000000	0.000000	0.000000	0.000000	0.000000	0.000000	0.000000	0.000000
Passenger Seats	1.245992	4.620729	-1.583333	-5.375000	0.202290	2.754584	2.943406	0.003789	0.000599	-0.000082	1.245992
Passenger Seats	0.000000	0.000000	0.000000	0.000000	0.000000	0.000000	0.000000	0.000000	0.000000	0.000000	0.000000
Passenger Seats	1.245992	4.620729	-3.250000	-5.375000	0.202290	2.754584	2.943406	0.009228	0.001640	-0.000082	1.245992
Passenger Seats	0.000000	0.000000	0.000000	0.000000	0.000000	0.000000	0.000000	0.000000	0.000000	0.000000	0.000000
Passenger Seats	0.000000	0.000000	0.000000	0.000000	0.000000	0.000000	0.000000	0.000000	0.000000	0.000000	0.000000
Passenger Seats	0.000000	0.000000	0.000000	0.000000	0.000000	0.000000	0.000000	0.000000	0.000000	0.000000	0.000000
Passenger Seats	0.000000	0.000000	0.000000	0.000000	0.000000	0.000000	0.000000	0.000000	0.000000	0.000000	0.000000
Passenger Seats	0.000000	0.000000	0.000000	0.000000	0.000000	0.000000	0.000000	0.000000	0.000000	0.000000	0.000000
Passenger Seats	0.000000	0.000000	0.000000	0.000000	0.000000	0.000000	0.000000	0.000000	0.000000	0.000000	0.000000
Passenger Seats	0.000000	0.000000	0.000000	0.000000	0.000000	0.000000	0.000000	0.000000	0.000000	0.000000	0.000000
Passenger Seats	0.000000	0.000000	0.000000	0.000000	0.000000	0.000000	0.000000	0.000000	0.000000	0.000000	0.000000
Passenger Seats	0.000000	0.000000	0.000000	0.000000	0.000000	0.000000	0.000000	0.000000	0.000000	0.000000	0.000000
Passenger Seats	0.000000	0.000000	0.000000	0.000000	0.000000	0.000000	0.000000	0.000000	0.000000	0.000000	0.000000
Passenger Seats	0.000000	0.000000	0.000000	0.000000	0.000000	0.000000	0.000000	0.000000	0.000000	0.000000	0.000000
Passenger Seats	0.000000	0.000000	0.000000	0.000000	0.000000	0.000000	0.000000	0.000000	0.000000	0.000000	0.000000
Passenger Seats	0.000000	0.000000	0.000000	0.000000	0.000000	0.000000	0.000000	0.000000	0.000000	0.000000	0.000000
Passenger Seats	0.000000	0.000000	0.000000	0.000000	0.000000	0.000000	0.000000	0.000000	0.000000	0.000000	0.000000
Passenger Seats	0.000000	0.000000	0.000000	0.000000	0.000000	0.000000	0.000000	0.000000	0.000000	0.000000	0.000000
Passenger Seats	0.000000	0.000000	0.000000	0.000000	0.000000	0.000000	0.000000	0.000000	0.000000	0.000000	0.000000
Passenger Seats	0.000000	0.000000	0.000000	0.000000	0.000000	0.000000	0.000000	0.000000	0.000000	0.000000	0.000000
Passenger Seats	1.485043	12.540957	3.250000	-5.375000	0.333651	3.283197	3.600538	0.000311	-0.002135	-0.000081	1.485043
Passenger Seats	0.000000	0.000000	0.000000	0.000000	0.000000	0.000000	0.000000	0.000000	0.000000	0.000000	0.000000
Passenger Seats	1.485043	12.540957	1.583333	-5.375000	0.333651	3.283197	3.600538	0.004857	-0.001683	-0.000065	1.485043
Passenger Seats	0.000000	0.000000	0.000000	0.000000	0.000000	0.000000	0.000000	0.000000	0.000000	0.000000	0.000000
Passenger Seats	1.485043	12.540957	-1.583333	-5.375000	0.333651	3.283197	3.600538	0.002703	0.002357	-0.000081	1.485043
Passenger Seats	0.000000	0.000000	0.000000	0.000000	0.000000	0.000000	0.000000	0.000000	0.000000	0.000000	0.000000
Passenger Seats	1.485043	12.540957	-3.250000	-5.375000	0.333651	3.283197	3.600538	-0.025963	0.000069	-0.000081	1.485043
Passenger Seats	0.000000	0.000000	0.000000	0.000000	0.000000	0.000000	0.000000	0.000000	0.000000	0.000000	0.000000
Passenger Seats	0.000000	0.000000	0.000000	0.000000	0.000000	0.000000	0.000000	0.000000	0.000000	0.000000	0.000000
Passenger Seats	1.279063	16.501071	3.250000	-3.317477	0.151477	2.832517	2.960527	-0.003385	0.002841	-0.000000	1.279063
Passenger Seats	0.000000	0.000000	0.000000	0.000000	0.000000	0.000000	0.000000	0.000000	0.000000	0.000000	0.000000
Passenger Seats	1.279063	16.501071	1.583333	-3.317477	0.151477	2.832517	2.960527	-0.003389	0.005314	-0.000000	1.279063
Passenger Seats	0.000000	0.000000	0.000000	0.000000	0.000000	0.000000	0.000000	0.000000	0.000000	0.000000	0.000000
Passenger Seats	1.279063	16.501071	-1.583333	-3.317477	0.156907	2.831567	2.966907	0.003056	-0.001110	0.000515	1.279063
Passenger Seats	0.000000	0.000000	0.000000	0.000000	0.000000	0.000000	0.000000	0.000000	0.000000	0.000000	0.000000
Passenger Seats	1.279063	16.501071	-3.250000	-3.317477	0.151477	2.832517	2.960527	-0.003325	0.000714	0.000000	1.279063
Passenger Seats	0.000000	0.000000	0.000000	0.000000	0.000000	0.000000	0.000000	0.000000	0.000000	0.000000	0.000000
Passenger Seats	0.000000	0.000000	0.000000	0.000000	0.000000	0.000000	0.000000	0.000000	0.000000	0.000000	0.000000
Passenger Seats	0.000000	0.000000	0.000000	0.000000	0.000000	0.000000	0.000000	0.000000	0.000000	0.000000	0.000000
Passenger Seats	0.000000	0.000000	0.000000	0.000000	0.000000	0.000000	0.000000	0.000000	0.000000	0.000000	0.000000
Passenger Seats	0.000000	0.000000	0.000000	0.000000	0.000000	0.000000	0.000000	0.000000	0.000000	0.000000	0.000000
Passenger Seats	0.000000	0.000000	0.000000	0.000000	0.000000	0.000000	0.000000	0.000000	0.000000	0.000000	0.000000
Passenger Seats	0.000000	0.000000	0.000000	0.000000	0.000000	0.000000	0.000000	0.000000	0.000000	0.000000	0.000000
Passenger Seats	0.000000	0.000000	0.000000	0.000000	0.000000	0.000000	0.000000	0.000000	0.000000	0.000000	0.000000
Passenger Seats	1.485043	20.461185	3.250000	-5.375000	0.336778	3.283104	3.603757	-0.007310	-0.000885	-0.000192	1.485043
Passenger Seats	0.000000	0.000000	0.000000	0.000000	0.000000	0.000000	0.000000	0.000000	0.000000	0.000000	0.000000
Passenger Seats	1.485043	20.461185	1.583333	-5.375000	0.336778	3.283104	3.603757	0.025662	0.000558	-0.000176	1.485043
Passenger Seats	0.000000	0.000000	0.000000	0.000000	0.000000	0.000000	0.000000	0.000000	0.000000	0.000000	0.000000
Passenger Seats	1.485043	20.461185	-1.583333	-5.375000	0.336779	3.283104	3.603758	-0.023440	-0.000506	-0.000192	1.485043
Passenger Seats	0.000000	0.000000	0.000000	0.000000	0.000000	0.000000	0.000000	0.000000	0.000000	0.000000	0.000000
Passenger Seats	1.485043	20.461185	-3.250000	-5.375000	0.336778	3.283104	3.603757	-0.025173	-0.000821	-0.000192	1.485043
Passenger Seats	0.000000	0.000000	0.000000	0.000000	0.000000	0.000000	0.000000	0.000000	0.000000	0.000000	0.000000
Passenger	0.000000	0.000000	0.000000	0.000000	0.000000	0.000000	0.000000	0.000000	0.000000	0.000000	0.000000
Passenger	0.000000	0.000000	0.000000	0.000000	0.000000	0.000000	0.000000	0.000000	0.000000	0.000000	0.000000
Passenger	0.000000	0.000000	0.000000	0.000000	0.000000	0.000000	0.000000	0.000000	0.000000	0.000000	0.000000
Passenger	0.000000	0.000000	0.000000	0.000000	0.000000	0.000000	0.000000	0.000000	0.000000	0.000000	0.000000
Passenger	0.000000	0.000000	0.000000	0.000000	0.000000	0.000000	0.000000	0.000000	0.000000	0.000000	0.000000
Passenger	0.000000	0.000000	0.000000	0.000000	0.000000	0.000000	0.000000	0.000000	0.000000	0.000000	0.000000
Passenger	0.498011	-7.259612	1.992857	-5.115070	0.013968	1.101902	1.108646	-0.000449	0.000110	-0.000298	0.498011
Passenger	0.000000	0.000000	0.000000	0.000000	0.000000	0.000000	0.000000	0.000000	0.000000	0.000000	0.000000
Passenger	0.498011	-7.259612	1.307143	-5.115070	0.013834	1.101764	1.108650	-0.001986	-0.000330	-0.000016	0.498011
Passenger	0.000000	0.000000	0.000000	0.000000	0.000000	0.000000	0.000000	0.000000	0.000000	0.000000	0.000000
Passenger	0.000000	0.000000	0.000000	0.000000	0.000000	0.000000	0.000000	0.000000	0.000000	0.000000	0.000000
Passenger	0.000000	0.000000	0.000000	0.000000	0.000000	0.000000	0.000000	0.000000	0.000000	0.000000	0.000000
Passenger	0.000000	0.000000	0.000000	0.000000	0.000000	0.000000	0.000000	0.000000	0.000000	0.000000	0.000000
Passenger	0.000000	0.000000	0.000000	0.000000	0.000000	0.000000	0.000000	0.000000	0.000000	0.000000	0.000000
Passenger	0.000000	0.000000	0.000000	0.000000	0.000000	0.000000	0.000000	0.000000	0.000000	0.000000	0.000000
Passenger	0.000000	0.000000	0.000000	0.000000	0.000000	0.000000	0.000000	0.000000	0.000000	0.000000	0.000000
Passenger	0.498011	-7.259612	-1.992857	-5.115070	0.013998	1.101906	1.108672	-0.001864	0.000093	-0.000295	0.498011
Passenger	0.000000	0.000000	0.000000	0.000000	0.000000	0.000000	0.000000	0.000000	0.000000	0.000000	0.000000
Passenger	0.498011	-7.259612	-1.307143	-5.115070	0.014001	1.101906	1.108675	0.000984	-0.000001	-0.000287	0.498011
Passenger	0.000000	0.000000	0.000000	0.000000	0.000000	0.000000	0.000000	0.000000	0.000000	0.000000	0.000000
Passenger	0.000000	0.000000	0.000000	0.000000	0.000000	0.000000	0.000000	0.000000	0.000000	0.000000	0.000000
Passenger	0.000000	0.000000	0.000000	0.000000	0.000000	0.000000	0.000000	0.000000	0.000000	0.000000	0.000000
Passenger	0.000000	0.000000	0.000000	0.000000	0.000000	0.000000	0.000000	0.000000	0.000000	0.000000	0.000000
Passenger	0.000000	0.000000	0.000000	0.000000	0.000000	0.000000	0.000000	0.000000	0.000000	0.000000	0.000000
Passenger	0.000000	0.000000	0.000000	0.000000	0.000000	0.000000	0.000000	0.000000	0.000000	0.000000	0.000000
Passenger	0.000000	0.000000	0.000000	0.000000	0.000000	0.000000	0.000000	0.000000	0.000000	0.000000	0.000000
Passenger	0.520426	-7.259612	-2.649267	-5.123010	0.015482	1.152100	1.158829	-0.000403	-0.000186	-0.001010	0.520426
Passenger	0.000000	0.000000	0.000000	0.000000	0.000000	0.000000	0.000000	0.000000	0.000000	0.000000	0.000000
Passenger	0.498011	-7.259612	-3.342857	-5.115070	0.014020	1.101906	1.108694	-0.002632	-0.000601	-0.000278	0.498011
Passenger	0.000000	0.000000	0.000000	0.000000	0.000000	0.000000	0.000000	0.000000	0.000000	0.000000	0.000000
Passenger	0.000000	0.000000	0.000000	0.000000	0.000000	0.000000	0.000000	0.000000	0.000000	0.000000	0.000000
Passenger	0.000000	0.000000	0.000000	0.000000	0.000000	0.000000	0.000000	0.000000	0.000000	0.000000	0.000000
Passenger	0.000000	0.000000	0.000000	0.000000	0.000000	0.000000	0.000000	0.000000	0.000000	0.000000	0.000000
Passenger	0.000000	0.000000	0.000000	0.000000	0.000000	0.000000	0.000000	0.000000	0.000000	0.000000	0.000000
Passenger	0.000000	0.000000	0.000000	0.000000	0.000000	0.000000	0.000000	0.000000	0.000000	0.000000	0.000000
Passenger	0.000000	0.000000	0.000000	0.000000	0.000000	0.000000	0.000000	0.000000	0.000000	0.000000	0.000000
Passenger	0.520426	-7.259612	2.649267	-5.123010	0.015482	1.152100	1.158829	0.003912	-0.000893	0.000421	0.520426
Passenger	0.000000	0.000000	0.000000	0.000000	0.000000	0.000000	0.000000	0.000000	0.000000	0.000000	0.000000
Passenger	0.498011	-7.259612	3.342857	-5.115070	0.014020	1.101906	1.108694	0.000612	0.001250	0.000275	0.498011
Passenger	0.000000	0.000000	0.000000	0.000000	0.000000	0.000000	0.000000	0.000000	0.000000	0.000000	0.000000
Crew Seat	0.000000	0.000000	0.000000	0.000000	0.000000	0.000000	0.000000	0.000000	0.000000	0.000000	0.000000
Crew Seat	0.000000	0.000000	0.000000	0.000000	0.000000	0.000000	0.000000	0.000000	0.000000	0.000000	0.000000
Galley	0.000000	0.000000	0.000000	0.000000	0.000000	0.000000	0.000000	0.000000	0.000000	0.000000	0.000000
Forward Bulkhead	0.000000	0.000000	0.000000	0.000000	0.000000	0.000000	0.000000	0.000000	0.000000	0.000000	0.000000
Overhead Bins	202.228384	4.495663	0.000871	-0.898105	891.721585	21794.839825	22601.947747	-0.542458	-14.283616	0.760667	202.228384
Main Gear Fairing	104.791486	10.411257	-0.000021	-8.480259	790.603877	2599.381577	3284.500579	0.096398	-10.346334	0.108627	104.791486
Front Passenger Seat Group	0.000000	0.000000	0.000000	0.000000	0.000000	0.000000	0.000000	0.000000	0.000000	0.000000	0.000000
Front Passenger Seat Group	11.719514	-11.219726	-1.500000	-4.262503	6.672278	29.779473	28.584109	-0.245388	0.026221	-0.013242	11.719514
Front Passenger Seat Group	0.000000	0.000000	0.000000	0.000000	0.000000	0.000000	0.000000	0.000000	0.000000	0.000000	0.000000
Front Passenger Seat Group	11.719514	-11.219726	-3.167000	-4.262503	6.671198	29.780166	28.582336	-0.057648	0.009572	0.053564	11.719514
Main Wing Transparent	501.794068	5.189958	-0.000000	0.097930	284503.302976	3046.019057	287453.481262	5.559413	-15.170521	6.463892	501.794068
Fairing Transparent	93.970720	6.238876	0.001080	0.231134	768.639961	3021.086481	3657.303960	0.139178	-10.238824	0.419103	93.970720
Propeller	0.949550	-3.299498	12.967084	-0.726658	0.210757	2.108733	2.290209	-0.002190	0.000049	0.048598	0.949550
Propeller	0.949550	-3.299498	11.807208	0.387797	0.194055	2.272774	2.109466	-0.000785	0.001642	0.047255	0.949550
Propeller	0.949550	-3.299498	10.262123	-0.059459	0.193361	2.190925	2.190620	-0.001055	0.000441	-0.093977	0.949550
Propeller	0.949550	-3.299498	9.876916	-1.621168	0.197054	2.108338	2.276901	0.004070	0.000165	0.045870	0.949550
Propeller	0.949550	-3.299498	11.036792	-2.735623	0.192404	2.270735	2.109854	-0.000921	0.001720	0.047644	0.949550
Propeller	0.949550	-3.299498	12.581877	-2.288368	0.193345	2.190903	2.190627	0.000703	-0.000140	-0.093970	0.949550
Propeller	0.949550	-3.299498	-12.967084	-0.726658	0.196974	2.108339	2.276821	0.001458	0.000474	-0.045843	0.949550
Propeller	0.949550	-3.299498	-11.807208	0.387797	0.193471	2.272100	2.109556	-0.000409	0.003383	-0.047298	0.949550
Propeller	0.949550	-3.299498	-10.262123	-0.059459	0.193361	2.190925	2.190620	-0.000016	0.000405	0.093977	0.949550
Propeller	0.949550	-3.299498	-9.876916	-1.621168	0.197054	2.108338	2.276901	-0.001200	0.000129	-0.045870	0.949550
Propeller	0.949550	-3.299498	-11.036792	-2.735623	0.192489	2.270798	2.109876	-0.000617	0.000385	-0.047695	0.949550
Propeller	0.949550	-3.299498	-12.581877	-2.288368	0.193361	2.190925	2.190620	-0.003497	-0.001319	0.093977	0.949550
Transparent Inlet	11.905734	2.452803	11.422000	-3.450431	10.796935	75.430154	80.394869	-0.005253	0.608251	0.000379	11.905734
Transparent Inlet	11.905734	2.452803	-11.422000	-3.450431	10.794710	75.430527	80.392270	0.007874	0.605644	-0.000654	11.905734
Gearbox	0.000000	0.000000	0.000000	0.000000	0.000000	0.000000	0.000000	0.000000	0.000000	0.000000	0.000000
Gearbox	0.000000	0.000000	0.000000	0.000000	0.000000	0.000000	0.000000	0.000000	0.000000	0.000000	0.000000
Compressor	0.000000	0.000000	0.000000	0.000000	0.000000	0.000000	0.000000	0.000000	0.000000	0.000000	0.000000
Compressor	0.000000	0.000000	0.000000	0.000000	0.000000	0.000000	0.000000	0.000000	0.000000	0.000000	0.000000
Turbine	0.000000	0.000000	0.000000	0.000000	0.000000	0.000000	0.000000	0.000000	0.000000	0.000000	0.000000
Turbine	0.000000	0.000000	0.000000	0.000000	0.000000	0.000000	0.000000	0.000000	0.000000	0.000000	0.000000
Electric Motor	0.000000	0.000000	0.000000	0.000000	0.000000	0.000000	0.000000	0.000000	0.000000	0.000000	0.000000
Electric Motor	0.000000	0.000000	0.000000	0.000000	0.000000	0.000000	0.000000	0.000000	0.000000	0.000000	0.000000
Name	Mass	cgX	cgY	cgZ	Ixx	Iyy	Izz	Ixy	Ixz	Iyz	Volume
Totals	1871.570271	10.773449	-0.028768	-2.435520	336156.274379	519167.802453	799275.951889	1190.465318	45436.827206	107.246213	1871.570271
